error_over_time_0012 = 1.0e+03*[1.6842
    1.6842
    1.6170
    1.5484
    1.4783
    1.4066
    1.3333
    1.2584
    1.1818
    1.1034
    1.0233
    0.9846
    0.9524
    0.9075
    0.8699
    0.8277
    0.7864
    0.7430
    0.6990
    0.6537
    0.6072
    0.5595
    0.5105
    0.4601
    0.4084
    0.3552
    0.3002
    0.2435
    0.1856
    0.1266
    0.0668
    0.0121
    0.0157
    0.0085
    0.0108
    0.0060
    0.0074
    0.0041
    0.0051];

time_array_0012 =[0.0014
    1.0613
    2.0391
    3.0797
    4.2942
    5.2034
    6.2251
    7.5597
    8.4785
    9.4210
   10.3360
   11.2791
   12.2005
   13.1295
   14.0739
   14.9957
   15.9004
   16.8338
   17.7451
   18.6782
   19.6014
   20.5499
   21.4716
   22.4526
   23.3699
   24.3216
   25.2203
   26.5937
   27.7797
   28.8880
   29.8059
   30.8534
   31.7911
   32.7934
   34.3248
   35.4054
   36.4452
   37.4377
   38.4636];

error_over_time_0011 = 1.0e+03 * [1.6842
    1.6842
    1.6170
    1.5484
    1.4783
    1.4066
    1.3333
    1.2584
    1.1818
    1.1034
    1.0233
    0.9846
    0.9524
    0.9079
    0.8697
    0.8281
    0.7864
    0.7433
    0.6991
    0.6538
    0.6074
    0.5596
    0.5106
    0.4603
    0.4085
    0.3553
    0.3000
    0.2435
    0.1856
    0.1269
    0.0673
    0.0134
    0.0164
    0.0097
    0.0106
    0.0070
    0.0071
    0.0051
    0.0049];

time_array_0011 = [0.0017
    1.4215
    2.3438
    3.3525
    4.8387
    5.9842
    6.9325
    7.8991
    8.8554
    9.8089
   10.8642
   11.8924
   12.9266
   13.8701
   14.7492
   15.7275
   16.6958
   17.6943
   18.6656
   19.6573
   20.5959
   21.5603
   22.4975
   23.4679
   24.3794
   25.2873
   26.1875
   27.0536
   28.1390
   29.1325
   30.3041
   31.7887
   32.9683
   34.0469
   35.0561
   36.1426
   37.2407
   38.4344
   39.7630];

error_over_time_001 = 1.0e+03 * [1.6842
    1.6842
    1.6170
    1.5484
    1.4783
    1.4066
    1.3333
    1.2584
    1.1818
    1.1034
    1.0233
    0.9846
    0.9524
    0.9086
    0.8696
    0.8284
    0.7865
    0.7434
    0.6993
    0.6540
    0.6075
    0.5598
    0.5108
    0.4605
    0.4087
    0.3550
    0.2998
    0.2433
    0.1857
    0.1271
    0.0678
    0.0149
    0.0173
    0.0112
    0.0111
    0.0084
    0.0078
    0.0064
    0.0057
    0.0048
    0.0042
];

time_array_001 = [0.0019
    1.1013
    2.1046
    3.1244
    4.0333
    5.0456
    5.9383
    7.0434
    8.3794
    9.3863
   10.3567
   11.3358
   12.2640
   13.3331
   14.3210
   15.2404
   16.2256
   17.1995
   18.2512
   19.3767
   20.4654
   21.9830
   23.1312
   24.2262
   25.3442
   26.4114
   27.5434
   28.5967
   29.6692
   30.7754
   32.0650
   33.3719
   34.4093
   35.6718
   36.9990
   38.0070
   39.0123
   40.0531
   41.1851
   42.1963
   43.1536];

error_over_time_00125 = 1.0e+03 * [1.6842
    1.6842
    1.6170
    1.5484
    1.4783
    1.4066
    1.3333
    1.2584
    1.1818
    1.1034
    1.0233
    0.9846
    0.9524
    0.9075
    0.8701
    0.8275
    0.7864
    0.7429
    0.6990
    0.6536
    0.6072
    0.5594
    0.5104
    0.4601
    0.4083
    0.3551
    0.3003
    0.2435
    0.1856
    0.1265
    0.0667
    0.0116
    0.0154
    0.0080
    0.0111
    0.0055
    0.0081];

time_array_00125 = [0.0019
    1.0538
    2.0360
    3.0584
    4.1635
    5.2540
    6.6115
    7.9213
    8.9170
    9.9461
   11.0147
   12.0708
   13.1420
   14.3488
   15.6528
   17.0495
   18.3462
   19.3197
   20.5393
   22.0171
   22.9438
   23.9342
   25.1863
   26.1519
   27.1145
   28.1715
   29.1116
   30.1740
   31.1557
   32.0777
   33.0247
   33.9797
   35.0227
   36.2009
   37.3023
   38.6238
   39.5949];

error_over_time_0009 = 1.0e+03 * [1.6842
    1.6842
    1.6170
    1.5484
    1.4783
    1.4066
    1.3333
    1.2584
    1.1818
    1.1034
    1.0233
    0.9846
    0.9513
    0.9094
    0.8696
    0.8287
    0.7867
    0.7437
    0.6995
    0.6542
    0.6077
    0.5600
    0.5110
    0.4607
    0.4084
    0.3546
    0.2995
    0.2432
    0.1858
    0.1275
    0.0685
    0.0167
    0.0183
    0.0130
    0.0123
    0.0104
    0.0093
    0.0081
    0.0071
    0.0062
    0.0055
    0.0048];

time_array_0009 = [0.0015
    1.1773
    2.1501
    3.2855
    4.2871
    5.2203
    6.1522
    7.4676
    8.6106
    9.8861
   11.2429
   12.2822
   13.2532
   14.2172
   15.1495
   16.1427
   17.1124
   18.1323
   19.0722
   19.9768
   20.9156
   21.8447
   22.9200
   23.8721
   24.9141
   25.8645
   26.7950
   27.7358
   28.6854
   29.5867
   30.4984
   31.4065
   32.3963
   33.4201
   34.5078
   35.5530
   36.6765
   38.1133
   39.3101
   40.3688
   41.3893
   42.4332];

error_over_time_0008 = 1.0e+03 * [1.6842
    1.6842
    1.6170
    1.5484
    1.4783
    1.4066
    1.3333
    1.2584
    1.1818
    1.1034
    1.0233
    0.9846
    0.9465
    0.9097
    0.8699
    0.8289
    0.7870
    0.7439
    0.6998
    0.6545
    0.6080
    0.5603
    0.5112
    0.4602
    0.4078
    0.3540
    0.2990
    0.2430
    0.1859
    0.1280
    0.0693
    0.0191
    0.0196
    0.0157
    0.0144
    0.0128
    0.0115
    0.0102
    0.0091
    0.0081
    0.0072
    0.0064
    0.0057
    0.0051
    0.0045];

time_array_0008 = [0.0013
    1.0222
    2.0687
    3.0883
    4.1657
    5.6961
    7.0151
    8.1894
    9.2478
   10.3196
   11.4638
   12.8393
   14.1178
   15.5324
   16.9019
   17.9172
   19.0722
   20.4477
   21.5897
   22.5701
   23.5842
   24.5354
   25.5129
   26.4268
   27.3738
   28.3308
   29.3734
   30.4133
   31.4444
   32.4334
   33.3805
   34.4031
   35.6004
   37.0309
   38.0472
   39.7556
   40.7609
   41.7315
   42.6984
   43.6981
   44.6588
   45.6333
   46.5325
   47.5557
   48.4781];

error_over_time_0013 = 1.0e+03 * [1.6842
    1.6842
    1.6170
    1.5484
    1.4783
    1.4783
    1.4066
    1.3333
    1.2584
    1.1818
    1.1034
    1.0233
    0.9846
    0.9524
    0.9075
    0.8704
    0.8272
    0.7866
    0.7427
    0.6991
    0.6534
    0.6072
    0.5593
    0.5104
    0.4600
    0.4083
    0.3550
    0.3004
    0.2435
    0.1856
    0.1263
    0.0665
    0.0110
    0.0151
    0.0075
    0.0116
    0.0050
    0.0092
    0.0047
    0.0076
    0.0045
    0.0065
    0.0044
    0.0058
    0.0044
    0.0053
    0.0044
    0.0050
    0.0044
    0.0048
    0.0043
    0.0047
    0.0043
    0.0046
    0.0043
    0.0045
    0.0043
    0.0045
    0.0043
    0.0044];

time_array_0013 = [0.0016
    1.4757
    2.5999
    3.6897
    6.1411
    7.9314
    9.1713
   10.6066
   12.1302
   13.1887
   14.1802
   15.2196
   16.3478
   17.3432
   18.3610
   19.3363
   20.3842
   21.4095
   22.4383
   23.5346
   24.8390
   25.9094
   27.0204
   28.1231
   29.2737
   30.3496
   31.4366
   32.5551
   33.7558
   34.9754
   36.6610
   37.8877
   39.2012
   40.4411
   41.6186
   42.7150
   44.1082
   45.3798
   46.9895
   48.0893
   49.4121
   50.9163
   52.1619
   53.2756
   54.3573
   55.4052
   56.5205
   57.6123
   58.7508
   59.8205
   60.8547
   61.8769
   62.8671
   63.8988
   65.0367
   66.3076
   67.7730
   68.8120
   70.4515
   71.6003];

